HTI - Hop Table Index

LEN|ADR ID|TX  ID |HTI| h1| h2| h2| h4| h5| NUL|NUL|NUL|NUL|NUL|NUL|

17   3   1 168 237   0   0 145  55 200 110   0   0   0   0   0   0  34  60 195
17   3   1 168 237   5  20 165  75 221 130   0   0   0   0   0   0  34  59 204
17   3   1 168 237  10  40 185  95   5 150   0   0   0   0   0   0  34  59 201
17   3   1 168 237  15  60 205 115  25 170   0   0   0   0   0   0  34  60 201
17   3   1 168 237  20  80 225 135  45 190   0   0   0   0   0   0  34  60 200
17   3   1 168 237  25 100  10 155  65 210   0   0   0   0   0   0  34  59 200
17   3   1 168 237  30 120  30 175  85 230   0   0   0   0   0   0  34  59 197
17   3   1 168 237  35 140  50 195 105  15   0   0   0   0   0   0  34  59 199
17   3   1 168 237  40 160  70 215 125  35   0   0   0   0   0   0  34  60 200
17   3   1 168 237  45 180  91  34   0   0   0   0   0   0   0   0  34  60 206

17   3   1 168 237   0   0 145  55 200 110   0   0   0   0   0   0  34  59 191
17   3   1 168 237   5  20 165  75 221 130   0   0   0   0   0   0  34  59 202
17   3   1 168 237  10  40 185  95   5 150   0   0   0   0   0   0  34  59 202
17   3   1 168 237  15  60 205 115  25 170   0   0   0   0   0   0  34  59 199
17   3   1 168 237  20  80 225 135  45 190   0   0   0   0   0   0  34  59 202
17   3   1 168 237  25 100  10 155  65 210   0   0   0   0   0   0  34  59 200
17   3   1 168 237  30 120  30 175  85 230   0   0   0   0   0   0  34  60 196
17   3   1 168 237  35 140  50 195 105  15   0   0   0   0   0   0  34  60 200
17   3   1 168 237  40 160  70 215 125  35   0   0   0   0   0   0  34  60 199
17   3   1 168 237  45 180  91  34   0   0   0   0   0   0   0   0  34  60 208

17   3   1 168 237   0   0 145  55 200 110   0   0   0   0   0   0  34  60 194
17   3   1 168 237   5  20 165  75 221 130   0   0   0   0   0   0  34  60 203
17   3   1 168 237  10  40 185  95   5 150   0   0   0   0   0   0  34  59 202
17   3   1 168 237  15  60 205 115  25 170   0   0   0   0   0   0  34  60 200
17   3   1 168 237  20  80 225 135  45 190   0   0   0   0   0   0  34  60 203
17   3   1 168 237  25 100  10 155  65 210   0   0   0   0   0   0  34  60 203
17   3   1 168 237  30 120  30 175  85 230   0   0   0   0   0   0  34  60 195
17   3   1 168 237  35 140  50 195 105  15   0   0   0   0   0   0  34  60 199
17   3   1 168 237  40 160  70 215 125  35   0   0   0   0   0   0  34  60 199
17   3   1 168 237  45 180  91  34   0   0   0   0   0   0   0   0  34  60 207

17   3   1 168 237   0   0 145  55 200 110   0   0   0   0   0   0  34  60 193
17   3   1 168 237   5  20 165  75 221 130   0   0   0   0   0   0  34  60 203
17   3   1 168 237  10  40 185  95   5 150   0   0   0   0   0   0  34  60 203
17   3   1 168 237  15  60 205 115  25 170   0   0   0   0   0   0  34  60 199
17   3   1 168 237  20  80 225 135  45 190   0   0   0   0   0   0  34  60 201
17   3   1 168 237  25 100  10 155  65 210   0   0   0   0   0   0  34  59 200
17   3   1 168 237  30 120  30 175  85 230   0   0   0   0   0   0  34  59 194
17   3   1 168 237  35 140  50 195 105  15   0   0   0   0   0   0  34  60 199
17   3   1 168 237  40 160  70 215 125  35   0   0   0   0   0   0  34  60 201
17   3   1 168 237  45 180  91  34   0   0   0   0   0   0   0   0  34  60 207

17   3   1 168 237   0   0 145  55 200 110   0   0   0   0   0   0  34  60 193
17   3   1 168 237   5  20 165  75 221 130   0   0   0   0   0   0  34  60 209
17   3   1 168 237  10  40 185  95   5 150   0   0   0   0   0   0  34  60 203
17   3   1 168 237  15  60 205 115  25 170   0   0   0   0   0   0  34  60 200
17   3   1 168 237  20  80 225 135  45 190   0   0   0   0   0   0  34  60 201
17   3   1 168 237  25 100  10 155  65 210   0   0   0   0   0   0  34  60 199
17   3   1 168 237  30 120  30 175  85 230   0   0   0   0   0   0  34  60 196
17   3   1 168 237  35 140  50 195 105  15   0   0   0   0   0   0  34  60 200
17   3   1 168 237  40 160  70 215 125  35   0   0   0   0   0   0  34  60 200
17   3   1 168 237  45 180  91  34   0   0   0   0   0   0   0   0  34  60 206

17   3   1 168 237   0   0 145  55 200 110   0   0   0   0   0   0  34  60 189
17   3   1 168 237   5  20 165  75 221 130   0   0   0   0   0   0  34  59 205
17   3   1 168 237  10  40 185  95   5 150   0   0   0   0   0   0  34  60 201
17   3   1 168 237  15  60 205 115  25 170   0   0   0   0   0   0  34  60 199
17   3   1 168 237  20  80 225 135  45 190   0   0   0   0   0   0  34  59 199
17   3   1 168 237  25 100  10 155  65 210   0   0   0   0   0   0  34  59 200
17   3   1 168 237  30 120  30 175  85 230   0   0   0   0   0   0  34  60 195
17   3   1 168 237  35 140  50 195 105  15   0   0   0   0   0   0  34  59 199
17   3   1 168 237  40 160  70 215 125  35   0   0   0   0   0   0  34  59 201
17   3   1 168 237  45 180  91  34   0   0   0   0   0   0   0   0  34  59 207

17   3   1 168 237   0   0 145  55 200 110   0   0   0   0   0   0  34  60 192
17   3   1 168 237   5  20 165  75 221 130   0   0   0   0   0   0  34  60 204
17   3   1 168 237  10  40 185  95   5 150   0   0   0   0   0   0  34  59 204
17   3   1 168 237  15  60 205 115  25 170   0   0   0   0   0   0  34  59 201
17   3   1 168 237  20  80 225 135  45 190   0   0   0   0   0   0  34  59 201
17   3   1 168 237  25 100  10 155  65 210   0   0   0   0   0   0  34  60 199
17   3   1 168 237  30 120  30 175  85 230   0   0   0   0   0   0  34  59 196
17   3   1 168 237  35 140  50 195 105  15   0   0   0   0   0   0  34  59 197
17   3   1 168 237  40 160  70 215 125  35   0   0   0   0   0   0  34  60 202
17   3   1 168 237  45 180  91  34   0   0   0   0   0   0   0   0  34  59 206

17   3   1 168 237   0   0 145  55 200 110   0   0   0   0   0   0  34  59 194
17   3   1 168 237   5  20 165  75 221 130   0   0   0   0   0   0  34  59 200
17   3   1 168 237  10  40 185  95   5 150   0   0   0   0   0   0  34  59 203
17   3   1 168 237  15  60 205 115  25 170   0   0   0   0   0   0  34  60 199
17   3   1 168 237  20  80 225 135  45 190   0   0   0   0   0   0  34  60 200
17   3   1 168 237  25 100  10 155  65 210   0   0   0   0   0   0  34  59 201
17   3   1 168 237  30 120  30 175  85 230   0   0   0   0   0   0  34  59 197
17   3   1 168 237  35 140  50 195 105  15   0   0   0   0   0   0  34  59 200
17   3   1 168 237  40 160  70 215 125  35   0   0   0   0   0   0  34  59 200
17   3   1 168 237  45 180  91  34   0   0   0   0   0   0   0   0  34  59 205

17   3   1 168 237   0   0 145  55 200 110   0   0   0   0   0   0  34  59 190
17   3   1 168 237   5  20 165  75 221 130   0   0   0   0   0   0  34  59 206
17   3   1 168 237  10  40 185  95   5 150   0   0   0   0   0   0  34  59 202
17   3   1 168 237  15  60 205 115  25 170   0   0   0   0   0   0  34  60 201
17   3   1 168 237  20  80 225 135  45 190   0   0   0   0   0   0  34  59 201
17   3   1 168 237  25 100  10 155  65 210   0   0   0   0   0   0  34  59 201
17   3   1 168 237  30 120  30 175  85 230   0   0   0   0   0   0  34  59 194
17   3   1 168 237  35 140  50 195 105  15   0   0   0   0   0   0  34  59 201
17   3   1 168 237  40 160  70 215 125  35   0   0   0   0   0   0  34  59 201
17   3   1 168 237  45 180  91  34   0   0   0   0   0   0   0   0  34  59 205

17   3   1 168 237   0   0 145  55 200 110   0   0   0   0   0   0  34  59 191
17   3   1 168 237   5  20 165  75 221 130   0   0   0   0   0   0  34  59 201
17   3   1 168 237  10  40 185  95   5 150   0   0   0   0   0   0  34  59 201
17   3   1 168 237  15  60 205 115  25 170   0   0   0   0   0   0  34  60 202
17   3   1 168 237  20  80 225 135  45 190   0   0   0   0   0   0  34  59 201
17   3   1 168 237  25 100  10 155  65 210   0   0   0   0   0   0  34  59 201
17   3   1 168 237  30 120  30 175  85 230   0   0   0   0   0   0  34  59 194
17   3   1 168 237  35 140  50 195 105  15   0   0   0   0   0   0  34  59 199
17   3   1 168 237  40 160  70 215 125  35   0   0   0   0   0   0  34  59 201
17   3   1 168 237  45 180  91  34   0   0   0   0   0   0   0   0  34  59 205